  -0.000877116899920
  -0.001089199603559
  -0.000817380787074
   0.000057747754468
   0.001409156646126
   0.002650981532391
   0.002821750283574
   0.001105187097972
  -0.002416066560979
  -0.006289558115225
  -0.008028035853926
  -0.005371781791941
   0.002038049990972
   0.011575866632645
   0.018088966896581
   0.016152053465267
   0.003322705528322
  -0.017230978581356
  -0.036415557162048
  -0.041985900545312
  -0.023657468701182
   0.021575729240938
   0.086509001576675
   0.154941753320727
   0.206979045951162
   0.226401710389717
   0.206979045951162
   0.154941753320727
   0.086509001576675
   0.021575729240938
  -0.023657468701182
  -0.041985900545312
  -0.036415557162048
  -0.017230978581356
   0.003322705528322
   0.016152053465267
   0.018088966896581
   0.011575866632645
   0.002038049990972
  -0.005371781791941
  -0.008028035853926
  -0.006289558115225
  -0.002416066560979
   0.001105187097972
   0.002821750283574
   0.002650981532391
   0.001409156646126
   0.000057747754468
  -0.000817380787074
  -0.001089199603559
  -0.000877116899920